1.000000000 0.000000000 0.000000000 0.000000000 0.000000000 1.000000000 0.000000000 0.000000000 0.000000000 0.000000000 1.000000000 0.000000000
0.999991655 -0.002362996 -0.003333644 -0.003636682 0.002355699 0.999994814 -0.002191282 -0.005390775 0.003338805 0.002183411 0.999992013 0.664506257
0.999971330 -0.001045459 -0.007496201 -0.012799940 0.001018568 0.999993026 -0.003590225 -0.010521922 0.007499902 0.003582487 0.999965429 1.358454347
0.999936640 -0.001028332 -0.011204456 -0.027760053 0.000969236 0.999985576 -0.005278512 -0.005655166 0.011209721 0.005267318 0.999923289 2.081845999
0.999872863 0.000209608 -0.015940651 -0.047425583 -0.000300396 0.999983728 -0.005693223 -0.014814226 0.015939200 0.005697289 0.999856651 2.813272953
0.999796212 -0.000408630 -0.020181142 -0.066369578 0.000289063 0.999982357 -0.005927243 -0.023834003 0.020183213 0.005920202 0.999778688 3.555912256
0.999687493 0.001085213 -0.024977356 -0.087470025 -0.001269225 0.999972165 -0.007352477 -0.027571240 0.024968682 0.007381881 0.999660969 4.319584370
0.999547780 0.003502417 -0.029865978 -0.119952567 -0.003744625 0.999960601 -0.008057786 -0.032313496 0.029836575 0.008165980 0.999521434 5.087708950
0.999407411 0.004045237 -0.034182228 -0.149612024 -0.004254748 0.999972641 -0.006058708 -0.045975283 0.034156792 0.006200555 0.999397278 5.875132084
0.999241471 0.003452814 -0.038788822 -0.185230315 -0.003597471 0.999986887 -0.003660214 -0.048206542 0.038775679 0.003796980 0.999240756 6.676496983
0.999120533 0.003255663 -0.041804098 -0.226919621 -0.003282428 0.999994516 -0.000571618 -0.061883811 0.041802008 0.000708335 0.999125719 7.480502129
0.999007642 0.004107566 -0.044349182 -0.269297987 -0.004177846 0.999990165 -0.001492145 -0.068991743 0.044342611 0.001675948 0.999015152 8.290483475
0.998924196 0.003535548 -0.046238735 -0.317431629 -0.003611400 0.999992251 -0.001557012 -0.076546155 0.046232868 0.001722323 0.998929322 9.108964920
0.998851359 0.000777313 -0.047908209 -0.361399949 -0.000883488 0.999997199 -0.002195100 -0.083056204 0.047906365 0.002234905 0.998849392 9.933833122
0.998727024 0.000573239 -0.050438672 -0.393860519 -0.000657182 0.999998450 -0.001647693 -0.085994676 0.050437644 0.001678743 0.998725772 10.790018082
0.998651743 -0.000985570 -0.051901426 -0.441019863 0.000876698 0.999997377 -0.002120405 -0.092124939 0.051903378 0.002072045 0.998649895 11.641891479
0.998552322 0.001563202 -0.053766552 -0.493800700 -0.001799562 0.999988973 -0.004347908 -0.103685535 0.053759161 0.004438371 0.998544037 12.492444992
0.998469472 0.002025680 -0.055268355 -0.540606678 -0.002419308 0.999972105 -0.007056148 -0.110869780 0.055252530 0.007179060 0.998446524 13.370300293
0.998363316 0.005683136 -0.056906682 -0.600229084 -0.006175496 0.999944925 -0.008479949 -0.125842676 0.056855362 0.008817497 0.998343468 14.247301102
0.998292804 0.007210482 -0.057959504 -0.657178700 -0.007697791 0.999936819 -0.008188894 -0.137145042 0.057896800 0.008621074 0.998285294 15.135736465
0.998214006 0.006090718 -0.059429411 -0.709856510 -0.006472365 0.999959588 -0.006231456 -0.157380179 0.059389059 0.006604975 0.998213172 16.026313782
0.998143673 0.006898579 -0.060512383 -0.773414373 -0.007217528 0.999961138 -0.005053818 -0.166395247 0.060475178 0.005481187 0.998154640 16.924190521
0.998097301 0.006431058 -0.061321311 -0.834769785 -0.006738867 0.999965727 -0.004814126 -0.183624953 0.061288245 0.005218202 0.998106539 17.826141357
0.997975469 0.006139395 -0.063302398 -0.894771099 -0.006498930 0.999963880 -0.005475304 -0.199590951 0.063266501 0.005875616 0.997979343 18.735464096
0.997926652 0.004571301 -0.064196959 -0.959542751 -0.004966468 0.999969721 -0.005997317 -0.213637799 0.064167604 0.006303714 0.997919202 19.650432587
0.997870326 0.004285821 -0.065087043 -1.014617682 -0.004584255 0.999979675 -0.004436501 -0.223085374 0.065066710 0.004725428 0.997869670 20.572092056
0.997867942 0.006086692 -0.064980917 -1.077037334 -0.006179396 0.999980152 -0.001225730 -0.234865338 0.064972155 0.001624660 0.997885764 21.492942810
0.997924447 0.006979715 -0.064016268 -1.141873837 -0.006832084 0.999973476 0.002524750 -0.243638575 0.064032182 -0.002082145 0.997945666 22.424137115
0.998033762 0.006384118 -0.062351380 -1.203954339 -0.006055251 0.999966741 0.005461925 -0.251019388 0.062384177 -0.005073633 0.998039305 23.351783752
0.998138309 0.006182179 -0.060678117 -1.265634298 -0.005815718 0.999963820 0.006214160 -0.257084131 0.060714342 -0.005849704 0.998138011 24.302753448
0.998210192 0.006625238 -0.059437029 -1.320959449 -0.006452532 0.999974370 0.003097169 -0.261743188 0.059456028 -0.002708106 0.998227239 25.245964050
0.998259783 0.007194600 -0.058529854 -1.382632136 -0.007303534 0.999971986 -0.001647483 -0.266781539 0.058516372 0.002072091 0.998284280 26.185560226
0.998326719 0.005653841 -0.057548773 -1.435962439 -0.005913878 0.999973238 -0.004349253 -0.273275435 0.057522628 0.004682312 0.998333275 27.156717300
0.998382568 0.003099788 -0.056768663 -1.491171360 -0.003307765 0.999988198 -0.003569975 -0.281513244 0.056756917 0.003751978 0.998380959 28.112833023
0.998389661 0.001291444 -0.056714099 -1.553801537 -0.001225794 0.999998629 0.001192357 -0.287874520 0.056715552 -0.001120917 0.998389721 29.089361191
0.998323143 -0.001582159 -0.057865251 -1.591681957 0.001894208 0.999984026 0.005338223 -0.315599799 0.057855874 -0.005438881 0.998310149 30.050447464
0.998205602 -0.008898539 -0.059215412 -1.637964725 0.009189969 0.999946952 0.004650992 -0.320825636 0.059170887 -0.005186834 0.998234451 31.026758194
0.998120427 -0.011573332 -0.060180686 -1.703865528 0.011645731 0.999931812 0.000852418 -0.325055718 0.060166713 -0.001551664 0.998187125 31.998802185
0.998037815 -0.011651694 -0.061520707 -1.766625762 0.011486253 0.999929368 -0.003042171 -0.331632048 0.061551817 0.002329559 0.998101115 32.974063873
0.997930229 -0.009921726 -0.063535735 -1.843217731 0.009697041 0.999945581 -0.003843774 -0.341712058 0.063570410 0.003219708 0.997972310 33.962345123
0.997859776 -0.010479203 -0.064545542 -1.903043032 0.010342471 0.999943554 -0.002452161 -0.351119637 0.064567626 0.001779352 0.997911751 34.961826324
0.997834563 -0.006777522 -0.065421946 -1.981893778 0.006803606 0.999976814 0.000175937 -0.366875023 0.065419249 -0.000620661 0.997857690 35.950904846
0.997777343 -0.006701269 -0.066298261 -2.048691273 0.006831158 0.999975145 0.001732663 -0.382702887 0.066285037 -0.002181706 0.997798383 36.938392639
0.997685492 -0.005565377 -0.067768827 -2.116656065 0.005858724 0.999974310 0.004130661 -0.388896763 0.067744114 -0.004518138 0.997692525 37.946674347
0.997709572 -0.005080499 -0.067451805 -2.182704449 0.005603361 0.999955714 0.007564705 -0.405099005 0.067410387 -0.007925335 0.997693896 38.930984497
0.997702420 -0.000156193 -0.067747734 -2.267878056 0.000831278 0.999950349 0.009936605 -0.404791236 0.067742817 -0.009970091 0.997653067 39.924995422
0.997681141 0.000499694 -0.068058811 -2.341761589 0.000092375 0.999962211 0.008695950 -0.407542795 0.068060569 -0.008682074 0.997643352 40.944816589
0.997702122 0.000496128 -0.067751102 -2.416034222 -0.000016827 0.999975026 0.007074837 -0.410514027 0.067752913 -0.007057439 0.997677147 41.928527832
0.997692764 0.002952955 -0.067826226 -2.493261814 -0.002633448 0.999984980 0.004799590 -0.419456273 0.067839399 -0.004609899 0.997685552 42.940456390
0.997610629 0.002219605 -0.069051988 -2.552417517 -0.001903770 0.999987423 0.004639341 -0.421000957 0.069061406 -0.004496797 0.997602224 43.917339325
0.997539878 0.000544155 -0.070099317 -2.625059128 -0.000114895 0.999981225 0.006127480 -0.432399511 0.070101321 -0.006104351 0.997521222 44.901817322
0.997496247 0.001182458 -0.070711032 -2.695602417 -0.000664580 0.999972761 0.007346956 -0.444987297 0.070717797 -0.007281567 0.997469723 45.873538971
0.997451961 0.002612763 -0.071292840 -2.764406681 -0.002345303 0.999989927 0.003835013 -0.452355802 0.071302146 -0.003658039 0.997448027 46.846908569
0.997401953 0.003224208 -0.071963519 -2.844140053 -0.003249414 0.999994636 -0.000233186 -0.461249888 0.071962379 0.000466420 0.997407198 47.812263489
0.997363627 0.004241410 -0.072440580 -2.924925327 -0.004376952 0.999988973 -0.001712429 -0.465153068 0.072432518 0.002024982 0.997371256 48.765113831
0.997337759 0.002710057 -0.072869986 -2.990534067 -0.002572605 0.999994755 0.001980061 -0.482167006 0.072874993 -0.001787324 0.997339487 49.756809235
0.997334361 0.000783810 -0.072962523 -3.062818050 -0.000434582 0.999988377 0.004802149 -0.489153534 0.072965443 -0.004757639 0.997323096 50.727012634
0.997318983 -0.000831931 -0.073171914 -3.136075497 0.001249323 0.999983251 0.005658678 -0.503780365 0.073165983 -0.005734922 0.997303307 51.687358856
0.997278571 -0.004299443 -0.073599547 -3.199491978 0.004644267 0.999979019 0.004514625 -0.511645198 0.073578596 -0.004844156 0.997277617 52.644584656
0.997249424 -0.007021178 -0.073784851 -3.271450520 0.007290057 0.999967694 0.003375409 -0.521585882 0.073758766 -0.003904020 0.997268438 53.596248627
0.997162819 -0.008673259 -0.074772604 -3.345589876 0.009032797 0.999949098 0.004471566 -0.530340433 0.074730024 -0.005134286 0.997190535 54.544761658
0.997006297 -0.012181832 -0.076353729 -3.404048443 0.012868374 0.999880970 0.008506035 -0.536063910 0.076241024 -0.009463122 0.997044444 55.502426147
0.996967733 -0.012822165 -0.076751478 -3.481302977 0.013886527 0.999814391 0.013350001 -0.538511634 0.076566063 -0.014375334 0.996960819 56.445316315
0.996984839 -0.010699112 -0.076854408 -3.569047451 0.011927372 0.999808013 0.015540438 -0.538934290 0.076673381 -0.016410254 0.996921122 57.383750916
0.996836782 -0.010285729 -0.078806318 -3.637454510 0.011243189 0.999868095 0.011715466 -0.544071198 0.078675427 -0.012564447 0.996821105 58.345096588
0.996739209 -0.008571058 -0.080233887 -3.709016085 0.008919784 0.999952316 0.003988936 -0.550467432 0.080195859 -0.004691598 0.996768117 59.244029999
0.996721983 -0.006341914 -0.080654696 -3.794780970 0.006294200 0.999979973 -0.000845797 -0.559422433 0.080658443 0.000335367 0.996741772 60.155010223
0.996657312 -0.001785281 -0.081677139 -3.876410007 0.001813499 0.999998510 0.000271310 -0.570976734 0.081676520 -0.000418525 0.996658862 61.056091309
0.996548355 0.000930176 -0.083009750 -3.957859993 -0.000725914 0.999996662 0.002490849 -0.584977984 0.083011784 -0.002421994 0.996545553 61.958328247
0.996463597 0.003468431 -0.083953477 -4.037798882 -0.003153110 0.999987483 0.003888186 -0.596083105 0.083965912 -0.003609722 0.996462047 62.842445374
0.996346295 0.004224664 -0.085302003 -4.112730026 -0.003898774 0.999984443 0.003986650 -0.611673832 0.085317530 -0.003639511 0.996347129 63.721363068
0.996208668 0.005630923 -0.086812675 -4.195677757 -0.005241639 0.999975204 0.004711483 -0.617732167 0.086837031 -0.004238580 0.996213496 64.577774048
0.996072710 0.006620858 -0.088290960 -4.273827553 -0.006168488 0.999966502 0.005395497 -0.629713058 0.088323705 -0.004829685 0.996080101 65.422691345
0.995957851 0.006340095 -0.089598253 -4.350283623 -0.005847911 0.999966264 0.005754683 -0.639547110 0.089631736 -0.005207458 0.995961308 66.237373352
0.995869219 0.006199461 -0.090588033 -4.425494194 -0.005604588 0.999961019 0.006819698 -0.645538688 0.090626791 -0.006283818 0.995865047 67.042030334
0.995701849 0.008915507 -0.092187874 -4.505767345 -0.008076783 0.999922574 0.009467084 -0.652774394 0.092265129 -0.008681810 0.995696664 67.848869324
0.995582998 0.010498705 -0.093297429 -4.585671425 -0.009252452 0.999862254 0.013780393 -0.661444604 0.093429253 -0.012856293 0.995543003 68.629402161
0.995393276 0.013294590 -0.094950803 -4.669585705 -0.011883662 0.999810576 0.015409624 -0.662067175 0.095137693 -0.014210274 0.995362759 69.411888123
0.995223999 0.016357401 -0.096236810 -4.747314930 -0.015331646 0.999817610 0.011388567 -0.672445118 0.096405543 -0.009858706 0.995293260 70.156593323
0.995073318 0.016155882 -0.097816713 -4.819875717 -0.015825953 0.999866128 0.004147945 -0.679480970 0.097870640 -0.002579466 0.995195866 70.881469727
0.994927526 0.015583214 -0.099379681 -4.890778542 -0.015807899 0.999873996 -0.001473732 -0.692051768 0.099344209 0.003037240 0.995048463 71.590118408
0.994888783 0.016245464 -0.099661052 -4.967169762 -0.016603485 0.999858320 -0.002763930 -0.696706474 0.099602044 0.004404523 0.995017529 72.281486511
0.994766772 0.018918365 -0.100404449 -5.045744419 -0.018926706 0.999820471 0.000869619 -0.707956493 0.100402869 0.001035256 0.994946301 72.961494446
0.994611323 0.019191904 -0.101882398 -5.116122246 -0.018956542 0.999814868 0.003277925 -0.725647926 0.101926453 -0.001328923 0.994791031 73.612396240
0.994610488 0.016202832 -0.102407634 -5.187825203 -0.016302515 0.999867082 -0.000136427 -0.734774411 0.102391817 0.001805193 0.994742513 74.245971680
0.994682312 0.007690327 -0.102702715 -5.233989716 -0.008267711 0.999952316 -0.005197404 -0.750865579 0.102657847 0.006018883 0.994698524 74.848182678
0.994839728 0.004172211 -0.101374768 -5.296442032 -0.005205334 0.999937117 -0.009928727 -0.762845814 0.101326995 0.010405178 0.994798839 75.452308655
0.995109320 0.006496571 -0.098567158 -5.350356579 -0.007583916 0.999914408 -0.010660850 -0.766449869 0.098489471 0.011356235 0.995073259 76.037666321
0.995499790 0.011447158 -0.094070040 -5.423037052 -0.012197090 0.999898255 -0.007400946 -0.782298625 0.093975753 0.008515022 0.995538056 76.611221313
0.995928347 0.009886181 -0.089605838 -5.465677738 -0.010299244 0.999938369 -0.004148566 -0.797156692 0.089559317 0.005054547 0.995968640 77.163795471
0.996436000 0.006376836 -0.084110260 -5.496958733 -0.006389238 0.999979556 0.000121743 -0.807722509 0.084109314 0.000416091 0.996456444 77.705245972
0.997120976 0.001987877 -0.075799987 -5.529670715 -0.001708641 0.999991477 0.003748525 -0.822791934 0.075806789 -0.003608218 0.997115910 78.234161377
0.997849703 0.005491981 -0.065313287 -5.560915947 -0.005286810 0.999980509 0.003313756 -0.828167319 0.065330230 -0.002961331 0.997859299 78.748916626
0.998681545 0.010856037 -0.050172567 -5.584268093 -0.010717704 0.999938011 0.003025373 -0.838421226 0.050202303 -0.002483650 0.998736024 79.248847961
0.999369800 0.015792340 -0.031788513 -5.605130196 -0.015692251 0.999871135 0.003395700 -0.840851188 0.031838048 -0.002894727 0.999488831 79.737998962
0.999848008 0.014260921 -0.010031649 -5.589032650 -0.014219291 0.999890089 0.004209101 -0.847969532 0.010090573 -0.004065818 0.999940872 80.216621399
0.999806345 0.010717466 0.016504459 -5.563176632 -0.010800974 0.999929368 0.004979021 -0.852188289 -0.016449928 -0.005156321 0.999851406 80.684638977
0.998914361 0.009478006 0.045610670 -5.513752937 -0.009783485 0.999931216 0.006478969 -0.860186219 -0.045546122 -0.006918166 0.998938382 81.143119812
0.996856928 0.009018820 0.078708336 -5.458013058 -0.009699658 0.999918759 0.008272100 -0.870734096 -0.078627340 -0.009009544 0.996863484 81.597412109
0.993236899 0.008933161 0.115761019 -5.379456520 -0.009999706 0.999912798 0.008635853 -0.875349104 -0.115673788 -0.009735024 0.993239582 82.026504517
0.987406611 0.009066976 0.157943681 -5.300135612 -0.010545635 0.999907970 0.008526354 -0.878574193 -0.157851845 -0.010084595 0.987411261 82.429206848
0.979131520 0.008727346 0.203040063 -5.184600830 -0.010665824 0.999907374 0.008455018 -0.883840144 -0.202947438 -0.010444166 0.979133904 82.844909668
0.967570066 0.011027794 0.252362013 -5.057100296 -0.013038804 0.999895096 0.006297768 -0.891043007 -0.252266109 -0.009384030 0.967612386 83.247810364
0.952189744 0.011831963 0.305278063 -4.900045395 -0.013604274 0.999900639 0.003678824 -0.901640773 -0.305204213 -0.007656025 0.952256143 83.629081726
0.932507575 0.012799338 0.360923529 -4.717277527 -0.014100755 0.999900043 0.000972509 -0.898524463 -0.360875010 -0.005996167 0.932594955 84.000762939
0.908260524 0.012262042 0.418225348 -4.525560379 -0.013353284 0.999910712 -0.000317260 -0.912496686 -0.418191969 -0.005296529 0.908343315 84.341331482
0.879460573 0.012859201 0.475798219 -4.301826477 -0.013050030 0.999910533 -0.002902633 -0.909590840 -0.475793034 -0.003656428 0.879549682 84.663391113
0.846096992 0.011372649 0.532907605 -4.069572449 -0.010233947 0.999934614 -0.005090930 -0.916106164 -0.532930613 -0.001146329 0.846158206 84.947151184
0.809049606 0.010985747 0.587637842 -3.813697815 -0.008983643 0.999939561 -0.006325112 -0.924911976 -0.587671816 -0.000161799 0.809099495 85.235298157
0.768995583 0.009825378 0.639178574 -3.537956238 -0.008268056 0.999951065 -0.005423833 -0.933866858 -0.639200568 -0.001113862 0.769039333 85.505462646
0.726591647 0.009349572 0.687006116 -3.242561340 -0.010160097 0.999944329 -0.002862874 -0.945028841 -0.686994612 -0.004899909 0.726646066 85.752738953
0.681734443 0.008477971 0.731550694 -2.939296722 -0.008958803 0.999954581 -0.003239780 -0.945478618 -0.731545031 -0.004345150 0.681779563 85.969818115
0.636117458 0.005903306 0.771569729 -2.613468170 -0.004625920 0.999981999 -0.003837075 -0.958692968 -0.771578431 -0.001128391 0.636133313 86.163848877
0.589481592 0.003917137 0.807772398 -2.274044037 0.001684214 0.999980092 -0.006078291 -0.952245831 -0.807780147 0.004943501 0.589463294 86.351303101
0.543351471 0.005594430 0.839486778 -1.940765381 -0.000731910 0.999980569 -0.006190256 -0.968428135 -0.839505076 0.002749056 0.543345034 86.514305115
0.495605201 0.008755664 0.868503928 -1.623451233 -0.004101072 0.999961615 -0.007740688 -0.975844324 -0.868538260 0.000274527 0.495622069 86.664894104
0.450403214 0.011100552 0.892756283 -1.277481079 -0.004962124 0.999938369 -0.009929824 -0.982800603 -0.892811477 0.000042456 0.450430483 86.797897339
0.407964170 0.008586523 0.912957609 -0.922172546 0.002637035 0.999940515 -0.010582999 -0.985501826 -0.912994146 0.006724985 0.407917261 86.909706116
0.368297637 0.000450941 0.929707885 -0.555902481 0.017568894 0.999817967 -0.007444746 -0.995262623 -0.929541886 0.019075818 0.368222594 86.999778748
0.332774639 -0.003113677 0.943001270 -0.186880112 0.021648275 0.999756217 -0.004338360 -0.999521971 -0.942757964 0.021858044 0.332760930 87.097640991
0.299717009 0.000892495 0.954027772 0.184173584 0.018679241 0.999802351 -0.006803583 -1.008662462 -0.953845263 0.019859664 0.299641073 87.194702148
0.268441141 0.009072336 0.963253498 0.545682907 0.008378330 0.999895871 -0.011752340 -1.013709307 -0.963259637 0.011225264 0.268337160 87.298080444
0.240162611 0.013437576 0.970639646 0.924385071 0.003409106 0.999886394 -0.014685974 -1.030603766 -0.970726669 0.006836037 0.240089551 87.380195618
0.214459196 0.015170684 0.976615131 1.315292358 0.004667612 0.999852061 -0.016556628 -1.044772387 -0.976721764 0.008109181 0.214356720 87.444007874
0.190715969 0.016459081 0.981507242 1.722919464 0.011952118 0.999746382 -0.019087346 -1.055941701 -0.981572449 0.015371353 0.190470934 87.502059937
0.171152025 0.022569444 0.984986126 2.138554573 0.019228933 0.999470651 -0.026242569 -1.055514932 -0.985056937 0.023431700 0.170627475 87.541015625
0.151193023 0.029405601 0.988066792 2.561113358 0.021678191 0.999218464 -0.033054661 -1.052725434 -0.988266587 0.026417131 0.150437400 87.594055176
0.133960173 0.030255301 0.990524709 3.012280464 0.020061636 0.999246180 -0.033234857 -1.058980465 -0.990783632 0.024323694 0.133252248 87.653312683
0.118502915 0.025958236 0.992614269 3.468696594 0.017878857 0.999440432 -0.028271206 -1.081958771 -0.992792726 0.021097025 0.117972478 87.701271057
0.103997305 0.022499114 0.994323015 3.938153267 0.017988903 0.999537826 -0.024498601 -1.104572535 -0.994414866 0.020434568 0.103544526 87.744163513
0.090785965 0.020476440 0.995659947 4.418645382 0.020367531 0.999541283 -0.022413410 -1.116644621 -0.995662153 0.022313956 0.090327278 87.774871826
0.079185620 0.019414505 0.996670961 4.913671017 0.024822785 0.999461949 -0.021441050 -1.129717827 -0.996550798 0.026437968 0.078661107 87.801780701
0.069034196 0.020078110 0.997412264 5.427076340 0.028008802 0.999364316 -0.022055987 -1.143119335 -0.997221053 0.029458938 0.068427950 87.828247070
0.061068900 0.020692311 0.997918963 5.954772949 0.030174613 0.999289870 -0.022567309 -1.157814264 -0.997677386 0.031489979 0.060401149 87.855697632
0.055484265 0.020921323 0.998240411 6.496346951 0.031728107 0.999238551 -0.022705760 -1.174650550 -0.997955322 0.032932092 0.054778229 87.877838135
0.050032906 0.021947861 0.998506367 7.068243504 0.032790463 0.999183416 -0.023605801 -1.186153412 -0.998209119 0.033922557 0.049272362 87.900596619
0.044497591 0.022737777 0.998750687 7.641497612 0.033438228 0.999146879 -0.024236578 -1.200624943 -0.998449624 0.034474924 0.043699313 87.915786743
0.039827023 0.022491757 0.998953402 8.247612953 0.035967261 0.999066353 -0.023928270 -1.219548225 -0.998559058 0.036882609 0.038980871 87.939483643
0.036761235 0.022583351 0.999068856 8.871547699 0.037277546 0.999017835 -0.023953844 -1.235183239 -0.998628557 0.038123418 0.035883278 87.960182190
0.033839043 0.022088224 0.999183118 9.509735107 0.038361430 0.998990357 -0.023383137 -1.252882719 -0.998690784 0.039121360 0.032957539 87.976692200
0.031366058 0.021455403 0.999277651 10.163496971 0.040410608 0.998924851 -0.022716271 -1.271863699 -0.998690724 0.041093931 0.030465312 87.997222900
0.030706506 0.021113010 0.999305427 10.840300560 0.045025565 0.998732686 -0.022484450 -1.289779425 -0.998513758 0.045684703 0.029716972 88.011169434
0.031859040 0.020699272 0.999278009 11.533493996 0.048581854 0.998571754 -0.022233533 -1.308049202 -0.998310924 0.049255110 0.030807931 88.027038574
0.034437601 0.020572683 0.999195039 12.237926483 0.050281398 0.998486400 -0.022291055 -1.327692986 -0.998141229 0.051008590 0.033351049 88.045341492
0.038108941 0.020646291 0.999060214 12.960889816 0.052880011 0.998344004 -0.022648588 -1.345529675 -0.997873485 0.053693436 0.036954068 88.075164795
0.042586785 0.019925227 0.998894095 13.695057869 0.053327188 0.998330534 -0.022187537 -1.368458390 -0.997668624 0.054213110 0.041453131 88.105255127
0.046423595 0.018351287 0.998753250 14.453395844 0.054665990 0.998286247 -0.020883664 -1.387551427 -0.997424901 0.055567343 0.045340855 88.147071838
0.050550856 0.016706474 0.998581767 15.227798462 0.054667592 0.998314738 -0.019469429 -1.405247927 -0.997224152 0.055574257 0.049552362 88.179702759
0.054651245 0.014625357 0.998398423 16.006584167 0.051543616 0.998518288 -0.017448556 -1.424818635 -0.997174203 0.052414645 0.053816427 88.230537415
0.058620755 0.013735468 0.998185873 16.796686172 0.050506696 0.998583853 -0.016707072 -1.442623973 -0.997001827 0.051394444 0.057844024 88.287986755
0.062776804 0.014654039 0.997919977 17.605527878 0.048198916 0.998680890 -0.017697291 -1.462726235 -0.996863008 0.049209647 0.061987694 88.340927124
0.065635942 0.018859347 0.997665405 18.406845093 0.045919377 0.998705029 -0.021900013 -1.487391233 -0.996786475 0.047249600 0.064684942 88.403747559
0.066921651 0.024169203 0.997465491 19.204414368 0.040284399 0.998825908 -0.026904909 -1.513090372 -0.996944726 0.041982815 0.065869443 88.473091125
0.066863567 0.027028142 0.997396052 20.015939713 0.037521798 0.998857796 -0.029583147 -1.544102430 -0.997056305 0.039402131 0.065773040 88.528335571
0.066774771 0.026788801 0.997408450 20.829683304 0.035253581 0.998952031 -0.029190425 -1.570742607 -0.997145116 0.037111409 0.065760382 88.596191406
0.066844068 0.024711199 0.997457445 21.642229080 0.032229956 0.999118090 -0.026912214 -1.608686209 -0.997242749 0.033946931 0.065988682 88.655273438
0.066988483 0.023616357 0.997474253 22.468925476 0.033020407 0.999119759 -0.025872905 -1.638978243 -0.997207165 0.034670193 0.066149689 88.707603455
0.067112081 0.022683155 0.997487605 23.283025742 0.030714864 0.999220729 -0.024789104 -1.676058650 -0.997272551 0.032301344 0.066363074 88.773620605
0.067150220 0.023105856 0.997475386 24.097652435 0.028861478 0.999268472 -0.025090354 -1.705697536 -0.997325301 0.030473441 0.066434227 88.834777832
0.067530245 0.023524348 0.997439861 24.917730331 0.025769934 0.999347270 -0.025314055 -1.740880013 -0.997384489 0.027413420 0.066879943 88.894775391
0.066306725 0.025039542 0.997485042 25.728540421 0.023044510 0.999379933 -0.026618971 -1.769552708 -0.997533202 0.024751570 0.065688588 88.954147339
0.063231282 0.024749931 0.997691989 26.544069290 0.019663069 0.999467432 -0.026040176 -1.801940680 -0.997805178 0.021264238 0.062710963 89.018234253
0.059154447 0.023309154 0.997976661 27.350055695 0.017442970 0.999550581 -0.024379840 -1.832852364 -0.998096406 0.018849853 0.058721289 89.075309753
0.054826684 0.020945255 0.998276114 28.163932800 0.015576668 0.999640286 -0.021829372 -1.864759922 -0.998374403 0.016746648 0.054480724 89.112571716
0.048918150 0.018704567 0.998627663 28.976907730 0.013559333 0.999720037 -0.019389236 -1.894479990 -0.998710811 0.014489210 0.048650846 89.153549194
0.041501559 0.019178787 0.998954356 29.778665543 0.013122353 0.999719024 -0.019738637 -1.921494246 -0.999052286 0.013927815 0.041238233 89.183525085
0.032695565 0.019893862 0.999267399 30.584062576 0.012486546 0.999715686 -0.020311339 -1.952698469 -0.999387324 0.013141490 0.032437868 89.212799072
0.022735823 0.020518653 0.999530971 31.386384964 0.012832408 0.999700904 -0.020814037 -1.974858522 -0.999659181 0.013299612 0.022465721 89.229942322
0.012137776 0.019808248 0.999730170 32.191322327 0.014958698 0.999688208 -0.019989032 -1.999484062 -0.999814510 0.015197285 0.011837682 89.245170593
0.001452116 0.018508004 0.999827564 32.977836609 0.013467217 0.999737680 -0.018525893 -2.029305696 -0.999908209 0.013491798 0.001202484 89.243446350
-0.009489441 0.017863669 0.999795377 33.767024994 0.015023543 0.999730110 -0.017719906 -2.052325010 -0.999842048 0.014852315 -0.009755256 89.231590271
-0.020578956 0.018114310 0.999624014 34.550464630 0.015353971 0.999723673 -0.017800029 -2.078914404 -0.999670327 0.014981894 -0.020851398 89.214645386
-0.031634770 0.018795433 0.999322712 35.330757141 0.015489375 0.999712408 -0.018312426 -2.101199627 -0.999379456 0.014899576 -0.031916805 89.189308167
-0.042112868 0.019748958 0.998917699 36.101516724 0.014881415 0.999706089 -0.019137170 -2.129722118 -0.999001980 0.014059385 -0.042394388 89.150169373
-0.052546538 0.020860096 0.998400688 36.871051788 0.015413332 0.999679565 -0.020075606 -2.150745869 -0.998499572 0.014333772 -0.052851234 89.111732483
-0.061699361 0.021467529 0.997864008 37.627964020 0.016853198 0.999648511 -0.020463865 -2.180940151 -0.997952461 0.015554590 -0.062039487 89.052505493
-0.071891665 0.021955853 0.997170687 38.395118713 0.016727919 0.999643564 -0.020804290 -2.206410885 -0.997272134 0.015184939 -0.072233319 89.011276245
-0.081289396 0.022216564 0.996442914 39.136016846 0.017334996 0.999631763 -0.020873487 -2.234661102 -0.996539772 0.015576541 -0.081644602 88.951362610
-0.089732237 0.021708345 0.995729268 39.868183136 0.018366424 0.999628425 -0.020138226 -2.257550716 -0.995796561 0.016480936 -0.090097591 88.878623962
-0.097207174 0.020753374 0.995047688 40.587669373 0.020192372 0.999617875 -0.018876079 -2.282268763 -0.995059371 0.018257484 -0.097589090 88.804016113
-0.102000915 0.019161010 0.994599640 41.335975647 0.023813749 0.999575019 -0.016814645 -2.309054136 -0.994499207 0.021970039 -0.102413841 88.714012146
-0.105426088 0.017838823 0.994267106 42.043796539 0.027239216 0.999515772 -0.015044710 -2.328256130 -0.994054079 0.025496954 -0.105860934 88.628623962
-0.108424142 0.016590919 0.993966281 42.752880096 0.028371589 0.999505103 -0.013588534 -2.350895166 -0.993699729 0.026727086 -0.108841181 88.554565430
-0.110271782 0.015443452 0.993781507 43.433525085 0.028250212 0.999524057 -0.012397997 -2.375005960 -0.993499875 0.026707394 -0.110655569 88.482154846
-0.111022063 0.016063718 0.993688047 44.110412598 0.029554809 0.999480605 -0.012855277 -2.392650604 -0.993378341 0.027941044 -0.111439161 88.405265808
-0.110023946 0.017001934 0.993783534 44.759368896 0.029934846 0.999456823 -0.013784844 -2.412456274 -0.993478060 0.028232092 -0.110473141 88.333518982
-0.106873065 0.018794604 0.994094968 45.381164551 0.031295851 0.999389529 -0.015530149 -2.431097031 -0.993779957 0.029451299 -0.107396014 88.266853333
-0.101845369 0.019332245 0.994612336 46.014358521 0.031458199 0.999373734 -0.016203560 -2.450076103 -0.994302690 0.029638458 -0.102389731 88.203872681
-0.093854643 0.020249346 0.995379984 46.610572815 0.030847503 0.999372303 -0.017421944 -2.466909885 -0.995107889 0.029069860 -0.094420359 88.152107239
-0.082511775 0.019962426 0.996390164 47.190723419 0.030008325 0.999395907 -0.017537631 -2.493125916 -0.996138215 0.028452940 -0.083060950 88.112525940
-0.068986237 0.020202015 0.997413039 47.749103546 0.029003888 0.999412835 -0.018236460 -2.514124632 -0.997195780 0.027670791 -0.069531679 88.084197998
-0.051881623 0.021163961 0.998429000 48.281494141 0.028291311 0.999405265 -0.019714545 -2.542539835 -0.998252392 0.027224040 -0.052449528 88.071990967
-0.030786823 0.023807758 0.999242425 48.815582275 0.026248492 0.999390781 -0.023002570 -2.564340353 -0.999181211 0.025520433 -0.031392984 88.070693970
-0.005863156 0.027004920 0.999618113 49.340469360 0.024444971 0.999340415 -0.026854036 -2.585642099 -0.999683917 0.024278183 -0.006519424 88.084342957
0.022236867 0.028602086 0.999343514 49.856815338 0.022583058 0.999321342 -0.029103953 -2.607120752 -0.999497533 0.023215417 0.021575850 88.120498657
0.055276517 0.028026596 0.998077691 50.364818573 0.019511661 0.999384701 -0.029143907 -2.629330635 -0.998280525 0.021085128 0.054695666 88.170364380
0.095011801 0.025146004 0.995158553 50.827880859 0.019172581 0.999449253 -0.027084906 -2.655079603 -0.995291531 0.021653140 0.094477363 88.202972412
0.136247009 0.021556035 0.990440369 51.374488831 0.017105788 0.999563038 -0.024107683 -2.678250790 -0.990527213 0.020226862 0.135818735 88.315483093
0.181796566 0.017367329 0.983182847 51.859054565 0.014242755 0.999692559 -0.020292541 -2.697720528 -0.983233094 0.017692342 0.181493342 88.428405762
0.230196312 0.013861716 0.973045468 52.346855164 0.009826076 0.999814451 -0.016567642 -2.716895103 -0.973094642 0.013375029 0.230017394 88.573188782
0.282469004 0.012552324 0.959194243 52.814197540 0.005737062 0.999874413 -0.014774159 -2.733548880 -0.959259212 0.009676198 0.282361507 88.736846924
0.335703105 0.012258007 0.941888094 53.272621155 0.005030496 0.999877691 -0.014805647 -2.748699427 -0.941954374 0.009708465 0.335600466 88.944931030
0.394291252 0.012728790 0.918897390 53.714385986 0.007446017 0.999826968 -0.017044872 -2.761184692 -0.918955207 0.013562771 0.394128352 89.157287598
0.454275608 0.017177997 0.890695512 54.126564026 0.007774346 0.999699473 -0.023245353 -2.768142223 -0.890827239 0.017484374 0.454005539 89.402969360
0.512196004 0.019720122 0.858642161 54.495712280 0.008696086 0.999566078 -0.028144052 -2.796654463 -0.858824611 0.021882098 0.511802256 89.676719666
0.570218801 0.024116861 0.821138740 54.861671448 0.004697035 0.999457002 -0.032615807 -2.808528185 -0.821479380 0.022455063 0.569796026 89.980056763
0.626808286 0.027158964 0.778699994 55.208290100 0.000686336 0.999372780 -0.035407901 -2.821260452 -0.779173195 0.022728413 0.626396537 90.295585632
0.679915309 0.028183067 0.732748806 55.541206360 -0.001328523 0.999306858 -0.037202723 -2.837538004 -0.733289540 0.024321226 0.679481387 90.644325256
0.726791382 0.026534107 0.686345577 55.780723572 -0.001448628 0.999310493 -0.037099332 -2.847750902 -0.686856806 0.025969213 0.726328671 90.988006592
0.771898985 0.023822390 0.635298669 56.042682648 -0.004006559 0.999460101 -0.032609649 -2.860098839 -0.635732591 0.022625992 0.771577716 91.375312805
0.812967181 0.019454282 0.581984341 56.277755737 -0.004925390 0.999635816 -0.026535107 -2.865619421 -0.582288563 0.018705674 0.812766790 91.776329041
0.849806666 0.017801743 0.526793838 56.503158569 -0.008383703 0.999759555 -0.020260174 -2.878244877 -0.527027905 0.012800748 0.849751651 92.200569153
0.880604386 0.011411082 0.473714888 56.698894501 -0.006807537 0.999911487 -0.011431612 -2.908289909 -0.473803550 0.006841895 0.880604029 92.644195557
0.906278670 0.012414783 0.422498226 56.863224030 -0.010719211 0.999922097 -0.006388722 -2.917961597 -0.422544718 0.001261115 0.906341255 93.085037231
0.926133931 0.013769630 0.376943409 56.992660522 -0.013939420 0.999900162 -0.002277500 -2.937537432 -0.376937211 -0.003145103 0.926233470 93.521919250
0.941199958 0.019834330 0.337267250 57.102817535 -0.021157421 0.999776006 0.000247504 -2.947104692 -0.337186873 -0.007368656 0.941408992 93.970016479
0.952919066 0.024413440 0.302240193 57.210845947 -0.025490072 0.999674976 -0.000382233 -2.954825401 -0.302151382 -0.007339888 0.953231752 94.417655945
0.962161839 0.025952004 0.271239817 57.325309753 -0.026829684 0.999639869 -0.000472491 -2.954310656 -0.271154463 -0.006822667 0.962511659 94.897994995
0.968071043 0.020578448 0.249829873 57.423904419 -0.021056009 0.999778032 -0.000761181 -2.956456661 -0.249790072 -0.004523543 0.968289435 95.346633911
0.972087264 0.017493242 0.233966604 57.533672333 -0.018020969 0.999837697 0.000117776 -2.967351675 -0.233926535 -0.004330793 0.972244620 95.827560425
0.974890888 0.022148855 0.221578568 57.623271942 -0.022596112 0.999744594 -0.000516530 -2.969691277 -0.221533373 -0.004503252 0.975142360 96.323616028
0.976941407 0.027058601 0.211786270 57.717994690 -0.027729558 0.999615490 0.000198114 -2.971727610 -0.211699486 -0.006066285 0.977315962 96.827430725
0.978024483 0.034447081 0.205624491 57.805427551 -0.034935873 0.999388754 -0.001254182 -2.971362591 -0.205542013 -0.005957049 0.978630066 97.337959290
0.978312016 0.040195633 0.203198791 57.888664246 -0.040087573 0.999185503 -0.004649310 -2.980407476 -0.203220129 -0.003597269 0.979126453 97.857559204
0.978400469 0.043939009 0.201994807 58.003776550 -0.043439418 0.999032199 -0.006907814 -3.003637075 -0.202102825 -0.002015927 0.979362190 98.374221802
0.978041351 0.040535111 0.204430804 58.124252319 -0.039162546 0.999174953 -0.010757061 -3.004505157 -0.204698190 0.002514819 0.978821874 98.905403137
0.977277637 0.039353412 0.208278105 58.245513916 -0.036525380 0.999181092 -0.017408213 -3.010291338 -0.208792612 0.009405220 0.977914691 99.452621460
0.976344287 0.039230607 0.212632835 58.363059998 -0.035325084 0.999130666 -0.022137057 -3.016987801 -0.213316381 0.014102116 0.976881444 100.019279480
0.975135684 0.044546261 0.217085660 58.483005524 -0.040816590 0.998932362 -0.021636680 -3.032356501 -0.217817709 0.012238002 0.975912809 100.596221924
0.973756015 0.047683965 0.222542435 58.613822937 -0.044804059 0.998834074 -0.017974738 -3.041600466 -0.223140076 0.007532204 0.974757314 101.186531067
0.972786844 0.044505339 0.227387518 58.755096436 -0.042675916 0.999004960 -0.012957979 -3.061216354 -0.227737993 0.002901379 0.973718166 101.790245056
0.972118437 0.040346753 0.230993688 58.907752991 -0.039663177 0.999184132 -0.007604247 -3.072060347 -0.231112048 -0.001769718 0.972925603 102.404228210
0.971247196 0.037897430 0.235037699 59.057304382 -0.038292412 0.999262512 -0.002884977 -3.082247257 -0.234973669 -0.006198137 0.971982002 103.031715393
0.970726907 0.032834508 0.237930968 59.216247559 -0.033337951 0.999442399 -0.001908729 -3.095365763 -0.237860933 -0.006079278 0.971280217 103.659378052
0.970723033 0.029299386 0.238408417 59.371479034 -0.028871005 0.999569237 -0.005289291 -3.103953123 -0.238460675 -0.001748655 0.971150577 104.302711487
0.970907807 0.029100815 0.237678841 59.544170380 -0.026953878 0.999561191 -0.012278438 -3.114018917 -0.237931833 0.005514866 0.971266210 104.953582764
0.971057773 0.031206321 0.236797675 59.701004028 -0.027520036 0.999443352 -0.018857505 -3.126366138 -0.237254322 0.011795047 0.971376002 105.614585876
0.971601605 0.034250077 0.234131008 59.854911804 -0.029736018 0.999297917 -0.022784147 -3.134948254 -0.234746993 0.015174992 0.971938014 106.293273926
0.972205997 0.032441124 0.231868595 60.013084412 -0.028954681 0.999410927 -0.018424675 -3.147753000 -0.232329726 0.011198896 0.972572684 106.980171204
0.972659826 0.028517704 0.230477020 60.187393188 -0.026780840 0.999584496 -0.010661365 -3.166473866 -0.230685279 0.004197511 0.973019302 107.680206299
0.973246038 0.029087974 0.227916941 60.352146149 -0.028753323 0.999575019 -0.004789256 -3.180917740 -0.227959394 -0.001892245 0.973668694 108.402526855
0.973546147 0.032392114 0.226182908 60.508438110 -0.032033376 0.999473035 -0.005257114 -3.200839758 -0.226234034 -0.002127359 0.974070609 109.127555847
0.973851502 0.038198818 0.223951265 60.666831970 -0.036835689 0.999268651 -0.010262911 -3.204955101 -0.224179491 0.001745150 0.974546373 109.852729797
0.974737644 0.039016128 0.219918936 60.828857422 -0.036485597 0.999213099 -0.015558185 -3.216844082 -0.220352888 0.007141274 0.975394189 110.589996338
0.975618780 0.037598852 0.216227487 60.993621826 -0.034416113 0.999236882 -0.018467402 -3.232681274 -0.216756880 0.010575438 0.976168394 111.353652954
0.976502180 0.035686072 0.212532461 61.157180786 -0.032833070 0.999317229 -0.016939275 -3.249399662 -0.212991834 0.009563144 0.977007270 112.125701904
0.977368236 0.031951189 0.209117875 61.321262360 -0.029459288 0.999453068 -0.015020929 -3.266060352 -0.209483460 0.008520515 0.977775156 112.899055481
0.977766812 0.030655118 0.207442164 61.485290527 -0.028823230 0.999514282 -0.011848273 -3.288250446 -0.207704619 0.005605694 0.978175581 113.686470032
0.978152275 0.027286820 0.206091106 61.654262543 -0.025866037 0.999619484 -0.009585654 -3.300592422 -0.206274271 0.004045470 0.978485823 114.487274170
0.978342891 0.022272544 0.205789238 61.828090668 -0.021040533 0.999745250 -0.008173500 -3.318576813 -0.205918878 0.003666571 0.978562295 115.283996582
0.978442192 0.023013161 0.205234766 61.993209839 -0.022053536 0.999732494 -0.006962279 -3.327726603 -0.205340132 0.002286036 0.978687942 116.104423523
0.978183925 0.028191760 0.205818847 62.152168274 -0.026901459 0.999596953 -0.009065364 -3.338996887 -0.205991447 0.003330767 0.978548110 116.921493530
0.977889121 0.034146331 0.206317574 62.309329987 -0.032282244 0.999401867 -0.012395736 -3.353883982 -0.206617460 0.005461262 0.978406549 117.733390808
0.977400541 0.042595159 0.207060382 62.473159790 -0.040598594 0.999079049 -0.013884119 -3.366924047 -0.207461074 0.005163984 0.978229642 118.563674927
0.976453066 0.048715919 0.210157707 62.633331299 -0.046936017 0.998807251 -0.013451828 -3.386310101 -0.210562363 0.003271114 0.977574944 119.395492554
0.975704432 0.051300291 0.213000149 62.807422638 -0.050079390 0.998683214 -0.011127018 -3.413659096 -0.213290527 0.000189765 0.976988792 120.235534668
0.975167811 0.051606659 0.215370491 62.990180969 -0.050207496 0.998667121 -0.011966075 -3.432202339 -0.215700969 0.000855720 0.976459026 121.069450378
0.974778414 0.050356008 0.217419818 63.167995453 -0.048255712 0.998722970 -0.014962206 -3.445165157 -0.217895582 0.004093087 0.975963593 121.906318665
0.974811018 0.044102233 0.218628675 63.363307953 -0.042175476 0.999019384 -0.013474299 -3.470050097 -0.219008535 0.003914127 0.975715101 122.736724854
0.975063443 0.037192550 0.218787640 63.562530518 -0.034793522 0.999284744 -0.014809180 -3.496831656 -0.219181895 0.006827495 0.975660264 123.580566406
0.974825144 0.036272891 0.220000505 63.748336792 -0.033843905 0.999317467 -0.014801145 -3.519939184 -0.220387250 0.006982851 0.975387514 124.419120789
0.974210441 0.039054003 0.222236186 63.926784515 -0.037376214 0.999232173 -0.011752006 -3.541625500 -0.222524464 0.003142580 0.974922061 125.253852844
0.973785222 0.041336320 0.223682210 64.105659485 -0.041013379 0.999140024 -0.006091475 -3.560605049 -0.223741636 -0.003242176 0.974643171 126.103981018
0.973527253 0.044736233 0.224150330 64.300704956 -0.045413546 0.998965919 -0.002135402 -3.577588320 -0.224014089 -0.008100589 0.974552274 126.938911438
0.973259270 0.044269130 0.225403205 64.484603882 -0.043466289 0.999018431 -0.008525634 -3.599007845 -0.225559384 -0.001499789 0.974228323 127.763793945
0.973500252 0.039962366 0.225167304 64.676483154 -0.035689685 0.999097824 -0.023015734 -3.619881392 -0.225883931 0.014369675 0.974048257 128.577728271
